0.0 0.0 0.0
0.625 0.0 0.0
0.625 1.0 0.0
0.0 1.0 0.0
0.0625 0.0 0.007091620414024632
0.125 0.0 0.013343884902247966
0.1875 0.0 0.01826764158191191
0.25 0.0 0.021496497758818046
0.3125 0.0 0.022784213094607732
0.375 0.0 0.022004068771007183
0.4375 0.0 0.019137663049253843
0.5 0.0 0.014287964441655907
0.5625 0.0 0.007741696258739792
0.625 0.0625 2.620470212232278e-05
0.625 0.125 5.020311757958979e-05
0.625 0.1875 7.18786059321646e-05
0.625 0.25 9.10691887530556e-05
0.625 0.3125 0.00010756865608802371
0.625 0.375 0.00012112724445393719
0.625 0.4375 0.00013145034238699514
0.625 0.5 0.00013819531702444806
0.625 0.5625 0.00014096655943293093
0.625 0.625 0.0001393086098304036
0.625 0.6875 0.0001326969190614232
0.625 0.75 0.00012052536056152179
0.625 0.8125 0.00010208883318580446
0.625 0.875 7.655774599621114e-05
0.625 0.9375 4.2937755823657126e-05
0.5625000000000001 1.0 0.011573201475177517
0.5000000000000001 1.0 0.021218438685053867
0.4375000000000002 1.0 0.02819574586743986
0.3750000000000002 1.0 0.03216348878816647
0.3125000000000003 1.0 0.033025568361467514
0.25000000000000044 1.0 0.030883642613526503
0.1875000000000004 1.0 0.02601678893027444
0.12500000000000017 1.0 0.018848593535678748
0.06250000000000012 1.0 0.009939266087230801
0.0 0.9375 0.0
0.0 0.875 0.0
0.0 0.8125 0.0
0.0 0.75 0.0
0.0 0.6875 0.0
0.0 0.625 0.0
0.0 0.5625 0.0
0.0 0.5 0.0
0.0 0.4375 0.0
0.0 0.375 0.0
0.0 0.3125 0.0
0.0 0.25 0.0
0.0 0.1875 0.0
0.0 0.125 0.0
0.0 0.0625 0.0
0.08469945437063367 0.05962063427318722 0.009770170737321464
0.15298597765791463 0.05399994966385744 0.016134605222618847
0.21731462495384327 0.053132798641498974 0.02049542776517231
0.2801571917092644 0.05439566592730954 0.022900775822906196
0.34287654289578146 0.054910252402553976 0.023233262778287286
0.40477146048692975 0.05398095165591619 0.02143421130770795
0.4647988532553675 0.050640400089914724 0.017688778173794082
0.524113006207747 0.052006141122329846 0.01231461940112309
0.5785674319398365 0.05965614848434591 0.006127877228141914
0.5617871364658693 0.16762460032099571 0.009993473310667123
0.5692409491441643 0.22806942280742684 0.01000103618024963
0.569979845053865 0.28929796341700176 0.010997448832590127
0.5709015876873781 0.3513849645694432 0.011819661539346367
0.5714166320336315 0.4143207054890376 0.012550510238504793
0.571573948667517 0.4762901554978551 0.013124982795351105
0.5719771306508594 0.5387268575024626 0.01340500156848049
0.5725216576664944 0.6006258167641916 0.013378780924814952
0.5726587381380147 0.663577313513154 0.01317721789232729
0.5720160446163449 0.7262574504128732 0.012888564969014039
0.5707479717622828 0.7899307400550736 0.012488633549977673
0.5704234688719386 0.8531923082689263 0.011694681033898095
0.5728097412991353 0.9173306266347854 0.010311805784626807
0.5255986978049347 0.9508337834946122 0.01786781619556426
0.4711302570560649 0.9425947146854977 0.025289806682103365
0.4100827152360568 0.9416132192728006 0.030861430897146536
0.34648085637871945 0.9449935766618296 0.033416080056364546
0.2835835919576167 0.9463790519725709 0.03280308670904871
0.22209073263395682 0.9462227854984944 0.029375128263726177
0.16296955900523205 0.9478581106380368 0.02371404257539131
0.10588817105045722 0.9521465504194403 0.01644651428623026
0.04980770499913405 0.9489801708193093 0.00809047139554656
0.04550931183310139 0.8914402389929671 0.007707945184256956
0.04962322716106092 0.8327741378533248 0.00880516921070877
0.05155838646935615 0.7717998064922968 0.00956239167443482
0.051510997873104945 0.7097454290280428 0.00990321081597197
0.05153038318547688 0.646948017468177 0.010136950563709302
0.052215941077491744 0.5848830518958205 0.010344002065531297
0.05286379875631134 0.5225344134678452 0.010374538054527344
0.053523494074688385 0.4607331705925345 0.010235657581326274
0.05375202822185085 0.3982447782934534 0.009848621142025615
0.05421626177322782 0.33606084684630355 0.00935827716194069
0.05423651221796748 0.2729343046137047 0.00866689500447027
0.05429365189017237 0.20813327854072716 0.007888561523090531
0.05654633765763022 0.1301835694569961 0.007305788944700256
0.18542304742210397 0.10412018252531755 0.01954810468821497
0.12160154800684343 0.10977137456587234 0.014223438623286832
0.31050151775367124 0.10980924011438259 0.024761513935268
0.37484230699750243 0.11013289276468953 0.024051569612447088
0.43716341907020173 0.10720417594158427 0.02099841440250614
0.4918348414112788 0.09670474190465032 0.016361689931313154
0.5466427296242067 0.11071921803897358 0.010824257743572508
0.5155964094911045 0.20802190055283787 0.01704697509561802
0.513251984039794 0.26460132053943997 0.01913096155662
0.5164120223031927 0.3272835231130778 0.020470813016322104
0.5176831436203182 0.3899053837270457 0.021818462388525278
0.5178221966307844 0.4528017513436136 0.023014073509985446
0.5179662302326378 0.5137981642066711 0.02379292757553185
0.5196390024978342 0.5759756084142861 0.023879380661104087
0.520568216106098 0.6376384297107851 0.023642362658164096
0.5202862791581803 0.7009524012134264 0.023168027668149717
0.5178081581031568 0.7642165828065819 0.022672844196155076
0.5145169786984284 0.8299185380023573 0.021949463758924464
0.5162198166198203 0.8932138620976398 0.020320865033751582
0.3799304673826429 0.8877023097786089 0.03367316800715849
0.45103879534969077 0.874595480178813 0.02900859544567888
0.31583496758889995 0.8933441447529774 0.03450621441610456
0.2538757025053694 0.8928013248502206 0.03240399754596233
0.1939263365062906 0.8906626087220243 0.02778314781051096
0.13719686167643463 0.8963730733346652 0.021231375587896215
0.08749059186715669 0.908415915755143 0.014152819469671247
0.10397621818450799 0.7959540576303012 0.01800454480282528
0.09818659799781787 0.856704239704967 0.01636901399023201
0.10308448757097773 0.7328281720371594 0.018544049068433776
0.10257482647322815 0.6694071615606021 0.018950438730430966
0.10387323994587229 0.6076884810236499 0.01938157748010601
0.10551954486103024 0.5456332628620822 0.019570575486444405
0.10700278694438245 0.48461593299867506 0.01942004492596115
0.10747697711266928 0.4223118107383564 0.018793554339180042
0.10835893384020188 0.36066200167279244 0.01795989724725367
0.10873992570654618 0.29786292483615867 0.01681334850945799
0.10879298292830247 0.23590268429896838 0.015491621212441605
0.10749885315697301 0.17286928803457954 0.013969802674248421
0.2470252212230522 0.10774252178838427 0.023142025403089586
0.411974888364687 0.16573806369650845 0.02460315847039956
0.3422295436698412 0.1644549733701045 0.026730395791471035
0.486825760257015 0.15564782576654435 0.018642740078912957
0.45925776487211073 0.2988927278301674 0.026342108087936016
0.46380020611940476 0.36314040540988735 0.028052407013792423
0.4502674054753492 0.22694821379089972 0.0244836381541078
0.46326022044857773 0.4261601913863039 0.029882836498622452
0.4615588966129032 0.4866762005679761 0.03133658247961325
0.4641262930805297 0.5478021948371447 0.03178571276109485
0.46746240346853185 0.6087192416197037 0.0315626132827609
0.4685985339619347 0.671133765698136 0.03105710662804984
0.4663673643073363 0.7332716601215196 0.030462852276393962
0.46153820017119634 0.7992467939285708 0.029654269994735437
0.28516980795124225 0.8441967155670562 0.0349222227375198
0.34480414101647555 0.84114610638227 0.035720726745156174
0.4034383297203034 0.8256974354673804 0.03401167271458221
0.15778685183104085 0.14992386781752864 0.018468316375423722
0.22640553337971822 0.8373765661269243 0.0317094779832608
0.16070252926254866 0.8297687529884382 0.025308618813660536
0.15301627412433227 0.6946022336996102 0.02619369652003612
0.15476839637024659 0.6333145145529611 0.026849684073449457
0.1553221634997 0.7587909982820051 0.02571924221420821
0.1587212067860001 0.5722410954524764 0.02741718734623007
0.16188808831428125 0.5119921399818279 0.02744725205697228
0.16309830838826567 0.4502207229547671 0.02678466261292961
0.16418685192879304 0.3885428686845584 0.025709157851320844
0.16486433860447924 0.32564922070898655 0.024221914415495652
0.16657482480853653 0.2629394903534069 0.022627185936179326
0.16439666338952755 0.20307802066339062 0.020609018372514505
0.2747209335312418 0.16377160275743574 0.026016315409366313
0.21198037469508083 0.1597729677748355 0.022914069880592174
0.2098171546099 0.7771576019999429 0.031470840776486035
0.4114631662116523 0.3378830479901749 0.0314879481666431
0.39797168461340865 0.27807411103189195 0.029909491662563438
0.411454935965259 0.39927286744772733 0.03361152952856396
0.4039110887638092 0.5201409007567029 0.03687017173276782
0.41259733753946165 0.5796699038511612 0.03678875298052022
0.4179351611081184 0.6410448351275949 0.036277571484672984
0.4155475985833746 0.700230330263096 0.035859083943290175
0.4126339438316438 0.7616926678591118 0.03493497989324467
0.31311678145604954 0.8010791432955338 0.0365685529949978
0.3601466934135648 0.7832968573284081 0.03684881576024785
0.26462603528848727 0.7899085233113105 0.03521637520835683
0.2167542406049792 0.5409241329202563 0.03370524702021379
0.203142676057499 0.6585186651963263 0.032383961624011394
0.2028447826369826 0.7182533234113804 0.031726280798106854
0.2107084456036524 0.601104287469069 0.03337686656403871
0.21975408407872668 0.4804896813881278 0.03321328955947937
0.21953626725090813 0.4183323064545055 0.031900628416784815
0.2212596152544038 0.35529838079189513 0.03030258306690299
0.22161412518020654 0.29201110127287566 0.028202851719986485
0.37422257969811024 0.22040805296768826 0.028442850217243024
0.4035374848816331 0.4576354590797274 0.035724193957470673
0.30496454643942594 0.216030569126271 0.02880385976769225
0.23051805230732714 0.2223664714874597 0.026335840306954426
0.3702301886581754 0.6121587862785467 0.03883643232428736
0.34174078188399337 0.5571479127200994 0.03942906137530857
0.36127140775043104 0.7242597659600881 0.038095382034771155
0.27989442228818473 0.45206849874941946 0.0365171960176115
0.3694109565482031 0.36996229256480523 0.0344537238825162
0.27549741181858733 0.39039168145820885 0.034604632644301796
0.2791326787149492 0.5156661766572888 0.03768688562369173
0.3632804667941838 0.665959599426071 0.03884240960502167
0.28404329126579714 0.3224475322311825 0.03264271358793371
0.3321268466267399 0.269793763774515 0.031195198647351118
0.3529019678459317 0.3207502690643304 0.03309458642122884
0.342590933404159 0.4214503013757803 0.03683481174445741
0.2739177246667407 0.26457986019527696 0.02991569352595756
0.34156276219364406 0.48758995622112594 0.03840155131994566
0.2716311473975296 0.5770586032568022 0.03787416418092373
0.31018647415565137 0.7506557261667387 0.03768938279652483
0.25672282479962455 0.7354646112967714 0.035843992340476936
0.24627037099804275 0.6863806083262715 0.0357891241313524
0.25984280220117856 0.6364553751539584 0.037149548626183894
0.32197813935459896 0.36504698255313067 0.03479212724110987
0.3039522457055004 0.6874125587784635 0.03865259120635059
0.3170578706202249 0.6220745115931191 0.03932986534433047
