0.0 0.0 0.0
0.625 0.0 0.0
0.625 1.0 0.0
0.0 1.0 0.0
0.03125 0.0 0.0036011853361486083
0.0625 0.0 0.007077076477818788
0.09375 0.0 0.010345293364067844
0.125 0.0 0.013336221549691999
0.15625 0.0 0.01599186361693442
0.1875 0.0 0.018263374303752616
0.21875 0.0 0.020109957054330465
0.25 0.0 0.021497830066092394
0.28125 0.0 0.02239933754854525
0.3125 0.0 0.02279398917454149
0.34375 0.0 0.02266806251514409
0.375 0.0 0.02201502674084793
0.40625 0.0 0.020836160500666927
0.4375 0.0 0.01914008152320022
0.46875 0.0 0.016945491357335977
0.5 0.0 0.014280800102452204
0.53125 0.0 0.011187999572434212
0.5625 0.0 0.007722632319844324
0.59375 0.0 0.00396018103790887
0.625 0.03125 1.3435555521071404e-05
0.625 0.0625 2.6315718363358044e-05
0.625 0.09375 3.8635441261978175e-05
0.625 0.125 5.0384861030737416e-05
0.625 0.15625 6.154989368786974e-05
0.625 0.1875 7.211281614988513e-05
0.625 0.21875 8.2052660012236e-05
0.625 0.25 9.134545330993152e-05
0.625 0.28124999999999994 9.996435590891099e-05
0.625 0.3125 0.00010787971990273461
0.625 0.34375 0.00011505909461538575
0.625 0.375 0.00012146718822992994
0.625 0.40625 0.00012706579329628163
0.625 0.4375 0.0001318136802592728
0.625 0.46875 0.00013566646097332846
0.625 0.5 0.00013857642250394156
0.625 0.53125 0.00014049233008907723
0.625 0.5625 0.00014135919675451229
0.625 0.59375 0.00014111801558375022
0.625 0.625 0.00013970544886559007
0.625 0.65625 0.00013705346606662607
0.625 0.6875 0.0001330889194949742
0.625 0.71875 0.00012773304215654403
0.625 0.75 0.0001209008458621179
0.625 0.78125 0.00011250038773434231
0.625 0.8125 0.00010243185733118208
0.625 0.84375 9.058640965990007e-05
0.625 0.875 7.684462105706646e-05
0.625 0.90625 6.107435231924166e-05
0.625 0.9375 4.312761227009461e-05
0.625 0.96875 2.283558889290067e-05
0.59375 1.0 0.005926475200352855
0.5625 1.0 0.011530215468978576
0.53125 1.0 0.016651068645743717
0.5 1.0 0.02118429336850603
0.46875000000000006 1.0 0.025048932605180388
0.43750000000000006 1.0 0.028187219039383864
0.4062500000000001 1.0 0.030563517941480156
0.37500000000000017 1.0 0.03216063630998568
0.3437500000000002 1.0 0.03297563732249042
0.3125000000000003 1.0 0.033017639236056134
0.28125000000000033 1.0 0.03230658198877107
0.25000000000000033 1.0 0.030872657079888732
0.2187500000000004 1.0 0.028755714071100853
0.18750000000000044 1.0 0.026004180570114253
0.15625000000000042 1.0 0.022675288256713652
0.12500000000000033 1.0 0.01883476316555358
0.09375000000000022 1.0 0.014557568464150643
0.06250000000000012 1.0 0.00992697074472729
0.0312500000000001 1.0 0.005037952633044897
0.0 0.96875 0.0
0.0 0.9375 0.0
0.0 0.90625 0.0
0.0 0.875 0.0
0.0 0.84375 0.0
0.0 0.8125 0.0
0.0 0.78125 0.0
0.0 0.75 0.0
0.0 0.71875 0.0
0.0 0.6875 0.0
0.0 0.65625 0.0
0.0 0.625 0.0
0.0 0.59375 0.0
0.0 0.5625 0.0
0.0 0.53125 0.0
0.0 0.5 0.0
0.0 0.46875 0.0
0.0 0.4375 0.0
0.0 0.40625 0.0
0.0 0.375 0.0
0.0 0.34375 0.0
0.0 0.3125 0.0
0.0 0.28125 0.0
0.0 0.25 0.0
0.0 0.21875 0.0
0.0 0.1875 0.0
0.0 0.15625 0.0
0.0 0.125 0.0
0.0 0.09375 0.0
0.0 0.0625 0.0
0.0 0.03125 0.0
0.04326100971448774 0.030450366767443466 0.005015016734688271
0.0776860935491531 0.027409715770174998 0.008766246875639644
0.11002715053530628 0.025976826391981303 0.012019847595462147
0.14152793736093858 0.025854803648232894 0.014875167156208955
0.17263054480783338 0.026171370669944197 0.017335268440811607
0.2036711402680132 0.02645137951666761 0.019388416933361064
0.2347856481412492 0.02662420944704125 0.021005527842911143
0.2658856526104854 0.02678351867978081 0.02215118120474
0.29701849823715576 0.02688057766611987 0.02280221909202493
0.3281483590982722 0.026939699981168793 0.022940463684838264
0.35927881218191027 0.026974677704324483 0.022555874531644107
0.3904113842595285 0.02704662775996245 0.021645922515426647
0.4214224715767018 0.02713675621480836 0.020221816493754374
0.45242552677807746 0.02726203265266114 0.018293922630320602
0.48323660255924333 0.02739164804622059 0.015900083117729336
0.5138380359888443 0.027422416414347527 0.013081117010728152
0.5434419083955219 0.026262801913447792 0.009969175209756613
0.5720843970659635 0.023957590907763594 0.006655793887838148
0.6001264901833891 0.025505917698991215 0.0032066630246033127
0.6023102932350021 0.05427214906767769 0.0030454258203881815
0.600262473250768 0.08361848269223451 0.003499606658346188
0.5993216451951459 0.11415161338678766 0.0038657943493900352
0.5993360208384187 0.145245174325344 0.0041305442650691965
0.599330675996329 0.17662911162181338 0.004418701910446467
0.5991415216509377 0.2076649448433741 0.004744611014574321
0.5990311606146592 0.23886447993192858 0.005061473341762819
0.5989202186626015 0.2698699776935624 0.005373075045058475
0.5989035496840442 0.30113444650060595 0.005658328879609272
0.5988462034576738 0.33221827063813053 0.005935348384346675
0.598867900252892 0.3635576211193978 0.006177398625957602
0.5988287825502091 0.39467751945882046 0.006408105440330736
0.598864366426782 0.42604495174975576 0.006595965440042326
0.5988291143014589 0.4571725407112751 0.006770052424120702
0.5988658751345541 0.4885446116444526 0.006895442515590539
0.5988302510929142 0.5196728516154677 0.007004509046640243
0.5988661291745011 0.5510448548380339 0.0070604536947266126
0.5988303436943995 0.5821721384695349 0.007098271193869532
0.5988674372025228 0.613541952948261 0.007080010570231542
0.59883612646395 0.6446612731158206 0.00704260617347621
0.5988820220507312 0.6760198524642903 0.006947828382881174
0.5988668041915978 0.7071082232584012 0.006834008914311277
0.5989372978688066 0.7384301279166283 0.006663745895174158
0.5989466481993831 0.7694644101996431 0.006479443595992628
0.5989947586951789 0.8007886798963856 0.006256732695278422
0.5988175229867393 0.831932477011532 0.006064653120294885
0.5984502079763251 0.8635158150161926 0.00589275587509642
0.5977589601184958 0.8950209167904125 0.005779571119620375
0.5976490265123576 0.9267721494380895 0.005547989540399927
0.598857321742266 0.9587359932263503 0.005093522090791259
0.5752453648012977 0.9754655272404437 0.009363429352224069
0.5478689985620592 0.971371553369826 0.014109063343212212
0.517052125384879 0.970861090770054 0.01892833394731949
0.48500846376865214 0.9726491025482704 0.02325986351887636
0.4531829632369431 0.9735422145835019 0.026833063921703787
0.4217660390346004 0.9735284191361122 0.029605890635953737
0.3905553612868411 0.9732396678336707 0.031588779574217324
0.35937527800672364 0.973020971918411 0.03278936475928465
0.3281468480571689 0.9729393726264952 0.03321244101172883
0.2969003075846356 0.9729088261752521 0.03287034128573819
0.2656754334718095 0.9729035884291706 0.03178906780950342
0.23449316082461952 0.9729303427817055 0.030006637992123764
0.20343043992740978 0.9730267615807354 0.027576360048856993
0.17244406249309324 0.9731921730080235 0.024552962132749417
0.14159755356063905 0.9732451283055944 0.021008513009384125
0.11102089315084561 0.973153137655679 0.017034608881396223
0.08146016401836638 0.974008705619568 0.012821108842263632
0.052919336925537803 0.9761196375253475 0.008479982723790103
0.024892705298786115 0.9745101357230785 0.004040249210930594
0.022762433268250764 0.9457408426594845 0.0037514340206408156
0.02489511144122541 0.9164030984826006 0.004188947296884289
0.025991554289782032 0.8859163409746098 0.004482675890354234
0.02605651754407748 0.8549148630014806 0.0046147868519794445
0.025986702392942113 0.8235444031049396 0.004727080262903724
0.026096821028323943 0.7924783144940154 0.004867106758538283
0.026153477625238234 0.7612368648081012 0.004989998925079847
0.026216108759904693 0.7302119513839461 0.0051012875057091485
0.026159846967933734 0.6989090486188861 0.005174958471623583
0.02617604411014825 0.6678035427358984 0.0052443590454472
0.026128864576488168 0.6364451944981249 0.00528189132454587
0.026162498663206944 0.6053193154966097 0.005314371161694356
0.026129042590872505 0.5739514923002264 0.005311646251899274
0.026166597807789366 0.5428243079260762 0.005301058978122825
0.02613277713889021 0.5114542717464859 0.005253587084858881
0.02616923384476772 0.4803266303923172 0.00519853182629086
0.02613371021249024 0.4489552515195803 0.005107350590686178
0.026169376100337774 0.4178282461518042 0.005010355478370786
0.026132373292468904 0.3864586268447867 0.0048796163185004775
0.026164236097896088 0.3553421436832663 0.004745397822153482
0.026118846621813876 0.3239896676220174 0.004580883932077898
0.026137698291942766 0.2929241685302725 0.004416416651369369
0.02608037615987827 0.2616354688677438 0.00422817586832519
0.02611307858968727 0.23069575176129925 0.00405014982457643
0.026096254066840758 0.19953848515763917 0.003860132609513065
0.026187318558023438 0.16871851255251405 0.0036887101132992515
0.02627901137526226 0.1373560118349648 0.0035188086550883542
0.027028481971741916 0.10483079729485685 0.0034383037572969085
0.029043658287611705 0.06573738201239802 0.0035046148174165993
0.09577909368161462 0.052048686604433486 0.010811971704943968
0.06329303226707177 0.056526231475191986 0.007390573890429393
0.157901551263472 0.052132862019974774 0.01648459880257617
0.18869911555962962 0.05271840923533462 0.018753536977333996
0.21962209026581062 0.05313279345975925 0.020608277080932588
0.25066518486786427 0.05343462227123007 0.022010423945318904
0.28162551169360883 0.053740440143657024 0.02292477551247377
0.3126506588177981 0.05386433492046348 0.02333254086876329
0.3436687265022897 0.053931083297096935 0.02321928169384193
0.37465769627550904 0.05401962022194127 0.02258032524323213
0.4056055486621741 0.05422418443727087 0.021419690357373684
0.43626092384196613 0.054464511862879164 0.019760483439038537
0.4669524799084553 0.05469060940947143 0.017605997791940914
0.4974957164604689 0.05512026373994144 0.01499791859699204
0.5279849057389665 0.05543066002759041 0.011960209870199618
0.5563850390245776 0.05185010907169006 0.008733508434090417
0.5813670366099986 0.045815944289091526 0.00566359190377526
0.5732543701589345 0.10211101233484124 0.0073190431049087405
0.576001135268926 0.07169748536629983 0.0065821467439638615
0.5736979200799475 0.13384677325100225 0.007725179573039771
0.5738102086534488 0.16559208750392468 0.008220936474705693
0.5733522789981363 0.1964406195422335 0.008814362821133915
0.5730620504967867 0.22752117856000031 0.009399617114132564
0.5728302162769969 0.2582711960390738 0.009969145567111877
0.5727867312752178 0.2894907644615578 0.010501066482544355
0.5726776512842355 0.32042356047950993 0.011016729031482313
0.5727124014668094 0.3518114207948446 0.011479827070226874
0.572640814164465 0.3828301570114305 0.011918446203498113
0.5727046957166264 0.41428201660878056 0.012288439062596714
0.5726425809535368 0.445319522736231 0.012627962141411864
0.5727087227803526 0.47678149881790116 0.012887271314428444
0.5726458640939291 0.5078203310074313 0.013111086328651841
0.5727097935190287 0.5392823416021914 0.013245595735755183
0.5726454023575297 0.5703206496879168 0.013341707053050237
0.5727093892856029 0.6017804271527453 0.013342254203570672
0.5726492094187626 0.6328093488531087 0.013303635796386026
0.5727252375108467 0.6642544354910463 0.013166077922783345
0.5726866521412991 0.6952382367464397 0.012991527238134688
0.5727972000457657 0.7266221571822871 0.012719560157053646
0.5728163078421257 0.7574697913977704 0.012416027290883614
0.5729887940053963 0.7887356040680572 0.01202639062097991
0.572884786966554 0.8195677925279519 0.011660288916722564
0.5724785435071394 0.8511303600868781 0.01131662157407455
0.5711689426770651 0.8826950915364873 0.011133041892963961
0.5695185822219145 0.9153306617619394 0.011005911902458542
0.5704048381903836 0.9467765438921276 0.01046897597711371
0.5011346431496129 0.9441014089266277 0.02152257019784868
0.5373158056491217 0.937636106042469 0.016235779044555653
0.468579025650881 0.9471384311153714 0.025525929378480666
0.43710933927705725 0.947500947466645 0.028675184873678553
0.4061093066796155 0.9467273188507004 0.031033085879233015
0.3750551795307155 0.9461370646452311 0.03261951916268482
0.3438398851006582 0.9459100489196982 0.033425745537280054
0.31256056788906195 0.9458286845767672 0.033453553135403644
0.28129786741197316 0.9457980995035972 0.03272313817360678
0.2500846986803073 0.945789071240191 0.03126868511623026
0.21904086106961743 0.9458522919166902 0.029142177737717857
0.18818879118160078 0.9461036293345714 0.0264029547366783
0.15768883596374675 0.9465796574341993 0.02313562255610277
0.12706738431398 0.9463084584948264 0.019365150671940057
0.09695955399007422 0.9455932440370943 0.015239553778666074
0.0685867500750615 0.948323773139821 0.011009195236153232
0.04373609732124186 0.9542648830481355 0.007104842063760736
0.05232405097222007 0.8980698779653032 0.008790975588121844
0.049189879052845185 0.9284343224197888 0.008098483635905332
0.05219239184948664 0.8665074807602313 0.008990675608867533
0.051925548736097275 0.8348249172972382 0.009179656641119407
0.05213357514092593 0.8038702694051826 0.009441563482657952
0.052352498050570816 0.7727037781948791 0.009696144823040515
0.05250297985799832 0.7419102600724188 0.009916421410401713
0.05237997912255369 0.710605152279472 0.01006302264808836
0.05238353632232798 0.6796190342759896 0.010198506697624591
0.05228328639689821 0.6481901360128999 0.010279956402640388
0.052338456239929075 0.6171584704027663 0.010350120163410081
0.052278484786551206 0.5857076456556802 0.010357987445401484
0.052346552671281237 0.5546721415677646 0.010347502124910288
0.052287511072671634 0.5232153823842447 0.01026980576199943
0.05235306622023196 0.49217822472128187 0.01017393300704091
0.05229005245045783 0.4607177863830557 0.01001124339497289
0.05235413083698181 0.42968014778645625 0.009834116423907113
0.05228972976150457 0.398220214951622 0.009594047688387957
0.052351285974316944 0.36719320801329586 0.009344939555060073
0.05227774351386557 0.3357537553830644 0.009038978992059321
0.05232245725003665 0.30480061432335714 0.008731372436392007
0.052222474030674426 0.2734655522334977 0.00837678558268346
0.05227350000101663 0.2427469978726653 0.008038312740054489
0.052246285580409974 0.21167637463349107 0.007677671106715031
0.052454022146743676 0.18136838509683562 0.007358827567958372
0.052467004990870016 0.15074807719981878 0.0070184894457787
0.05267832723755359 0.12039553199077997 0.006725678964163006
0.054861133765779724 0.08813742549861928 0.006684364427901177
0.12721895419275753 0.0512358576044317 0.01384394865605201
0.20467909064162132 0.07903632847913218 0.020247375924191024
0.17372335847068077 0.07851484435277827 0.018133059520860858
0.26653704545413415 0.08028486630249626 0.023106005145852895
0.2973563655536455 0.08068269248505584 0.0237901657853221
0.3281211025035587 0.0808193034848637 0.023953659158697103
0.35886162373227276 0.08087590087264032 0.02359131361281055
0.3896035959082627 0.08117753710277142 0.022707583761691946
0.41997574500128265 0.08168002261281697 0.021323057515470593
0.4502412170052922 0.08190322715123957 0.01943405602550703
0.4802973393800079 0.0818219258491093 0.01707201626664853
0.5113444778916396 0.08290725808968527 0.014181316125408246
0.5448773443952432 0.08540917351407612 0.01057026851159647
0.5486033258942471 0.15347694282538588 0.011474053021053929
0.5475929455216377 0.18411024635200732 0.012311189432472093
0.5479412755440181 0.12110847079978684 0.010868850217613798
0.5468935570083291 0.2148972546285578 0.013141275889235558
0.5465458031107984 0.24545340327135484 0.013923683997504377
0.5464114588916557 0.2764824843203883 0.014676315420597332
0.5462822094054995 0.3073243910317856 0.015397903283256593
0.5462509525746043 0.33859862447650174 0.016075354081477443
0.5461798503960676 0.36960328344228993 0.016703031699172952
0.5462106493401863 0.40100353444216147 0.0172609293698939
0.5461782056159209 0.43206506868106365 0.017754751794246532
0.5462248043191994 0.4634976533887306 0.018164473680778295
0.54619448835749 0.4945676356852211 0.018501757307241934
0.5462336298800026 0.5260025833152449 0.018743943311969265
0.5461931739703528 0.5570722459179512 0.018908588372255855
0.5462254849218415 0.588502217268896 0.018969373178572203
0.5461873819556387 0.61955407625141 0.018949805503905494
0.5462385508996456 0.6509570891390676 0.018820461245287228
0.5462402445166171 0.6819351600166805 0.0186119006471263
0.54632816925323 0.7132508813725029 0.018299532226156563
0.5463692478312445 0.7440338770940849 0.017922061427455588
0.5465390366162253 0.7750866664765719 0.017448649253285146
0.5466659973018261 0.805553452704054 0.016934433161872903
0.5465034440327158 0.8366097610230034 0.016424653495438216
0.545248000096644 0.8677307994683177 0.016083023011432346
0.5425031375576407 0.9004623851834709 0.015966412728224886
0.45152997321039745 0.9227395741679228 0.027765485473219477
0.48200606951183717 0.9206939582198275 0.024409927587991417
0.5123484449223613 0.9133634295649355 0.020467162339969848
0.23570087576769314 0.07959998607396866 0.02191767277578668
0.08385998266310092 0.07845116788851209 0.009839863462134443
0.4215823542588216 0.9208875108746413 0.030429439411985355
0.3908951352652914 0.9196018544482482 0.032399673254073974
0.3596991965668117 0.9190290845283196 0.033602167501388114
0.32832862385998374 0.9187933125651467 0.03401123049967528
0.2969600937000145 0.918701200595727 0.03363863543000152
0.2656485076130122 0.9186365417142754 0.03251619363225228
0.2344880057561832 0.9186208048513307 0.030689933057543868
0.20357690622966057 0.9188142455020508 0.028219898059219123
0.1732406667979962 0.9195570386638597 0.025203013769193996
0.1436119034364281 0.9210007334949201 0.021743507485429997
0.11323251939153146 0.919395880042266 0.0177776803146611
0.08062769029596899 0.9151402979738754 0.013094987422616665
0.07799645573300122 0.8474181936306571 0.013348367053147726
0.07816015640699449 0.8164336118248133 0.013694375090124826
0.07878309137387587 0.8795051252687069 0.013142816378895134
0.07895927226536945 0.7855600807291268 0.014135576793198226
0.07928940861873326 0.7549286709690616 0.014474335194370212
0.07910879971058817 0.7237310999042803 0.01469760804259591
0.078965495479316 0.6927546792295499 0.014881014253409696
0.07879286497065756 0.661389987678105 0.015011784418632986
0.07877950560704416 0.6303494954571724 0.015113396136562431
0.07873179053482214 0.5989496807411749 0.015152069865513916
0.07878013486980927 0.5678976851954466 0.015146331149729457
0.07875619373291062 0.5364830283330416 0.01506637304263934
0.07880173010865243 0.505424582485432 0.0149375355144167
0.07876635907927963 0.4739971255599776 0.014732917047786632
0.07880463884135055 0.44293263742359396 0.014484537240444295
0.07876768088365774 0.4115011719044837 0.014165749808452371
0.07880614103319751 0.38045253920323485 0.013811793679311679
0.07876389963462174 0.34905335923822906 0.013395572398098117
0.07877866409871312 0.31812079569419294 0.012954592405983024
0.07870351697138496 0.2868842447163175 0.012464844150720088
0.07868522197843135 0.2563001412680499 0.011970266228941298
0.07867744714310396 0.22544102065657268 0.011460984859150189
0.07895022444189434 0.19533375537861053 0.010998354247566379
0.07934255596523727 0.16509534895255798 0.010557433545086658
0.07928009249950004 0.13599558878736948 0.010098574248768744
0.07870512359612022 0.10741345523386416 0.009626409020060026
0.1139210594001413 0.07538334497799197 0.012891270497817593
0.1433719280171452 0.07740478194681406 0.0156501862916132
0.521509373623811 0.11156960950005956 0.01374503866856293
0.3128637833175741 0.1079016459992015 0.02471854085804354
0.2822474442980103 0.10748611367376208 0.02426778591026006
0.3738176005083496 0.10782787373282014 0.024015969547970497
0.40398023433948677 0.10872929972057235 0.022912935910972192
0.43400795934041186 0.10963585506578882 0.02129804293294517
0.4633979951458489 0.10930825213073188 0.0191909488901242
0.49215050211407596 0.10782945975038842 0.016648924680821502
0.5201651001980414 0.23231023570141215 0.017253770314114854
0.10599299239467261 0.8889896270043511 0.017106466946475014
0.5220250406441187 0.17180280001249718 0.015267310347208206
0.5244033752136332 0.1420491454603338 0.014174741767685082
0.5206019358379522 0.2016636084452536 0.016299735564187505
0.5199778650236303 0.262880816968425 0.018173153222564173
0.5198636110164907 0.2938700778590379 0.01907235134797431
0.5197487318808597 0.3247824945454582 0.019931383180282727
0.5196863616195039 0.35602880360914047 0.020736586122162275
0.5196514686166498 0.3871070274456916 0.021466205055976184
0.519678874144264 0.4184818216795799 0.022111894951435094
0.5196773974907501 0.44959861237494186 0.02266866848843535
0.5197134687569589 0.48098986501019936 0.023125536572939958
0.5197053015743327 0.5121100151420526 0.023483628662020396
0.5197191620551284 0.5434990568339021 0.023731378735441365
0.519689432305551 0.5746165641798446 0.023874238899076184
0.5196928122293285 0.6059938827619604 0.023897779048598813
0.5196741776563306 0.6370737614677494 0.023813020431721125
0.5197263867441736 0.6683905180105293 0.023602913563088475
0.519778747042923 0.6993284324119945 0.023290834018598237
0.5198535649627304 0.7304848366365497 0.022873619514258425
0.519876045946578 0.7610732098896695 0.022387667196452257
0.5201196076017465 0.7916494892706526 0.021791359630707594
0.520562981461212 0.8214781272755989 0.021124244759327674
0.5200577899196742 0.8519012427011238 0.020567259268224218
0.5176934471085888 0.8821794251725156 0.020293104372826134
0.4644046004448823 0.9002677844462442 0.026879863827079412
0.4073725953012602 0.8932536255230157 0.03204305492928419
0.48937720584612887 0.8920110868008363 0.024078282213284688
0.37595886937951806 0.8922019561505243 0.03367962137046541
0.4377296722865101 0.8956170684079662 0.029655374464773364
0.3442920032152787 0.8918180844484845 0.03449301893243938
0.31270059720873933 0.8916729748126324 0.03449169046347099
0.2812213244496412 0.8915493780839923 0.03371141690829629
0.24985148389329143 0.8914237701565451 0.03219288563332252
0.21858901722145888 0.891362679787683 0.029982486249225393
0.18766125449630863 0.8917660713348007 0.027150975797347925
0.15766422639764308 0.8932315778691365 0.023832853914843882
0.13110433908492647 0.8976364579052231 0.02044360830329099
0.10638211730241375 0.7684431053260409 0.018695214800591317
0.10337418948663857 0.8288110237441483 0.017485851837979013
0.10434946105148489 0.8595005895545187 0.017239889077849384
0.10561803532102677 0.7991623991439128 0.018206480832049444
0.10610543262293666 0.7374922402593369 0.01898669275651764
0.105656802514521 0.7061981706264766 0.0192026966722443
0.10540372664993157 0.6751244631383729 0.019386853070867138
0.10526052285085255 0.64383720255314 0.019521923383629812
0.10522937694594733 0.6127608035470156 0.019601699668327765
0.10523983194186073 0.5814398591182799 0.0196121620945748
0.10526959819811772 0.5503465516820102 0.019547868466286762
0.10528551020848775 0.5189956233845888 0.01940129380501479
0.10529303074627469 0.4878857619116455 0.01917692744430137
0.10528906345605146 0.45651158014233006 0.01887254001610362
0.10529164058408405 0.42539096692048206 0.018499922267746476
0.10529553289441994 0.3940157877530373 0.018056706393119258
0.1053055314001449 0.362933264649338 0.017557909554361734
0.10530322449919985 0.3316341566526629 0.01700014319155333
0.10527533423740204 0.30078601424758517 0.016403412311883983
0.10522851054048366 0.2698275370926862 0.015768959639696472
0.10513693484678296 0.2396103035265399 0.015123984599191311
0.10526790053846347 0.209265239703406 0.014497181164549393
0.10596005271922079 0.17951063179522622 0.01395653681956208
0.10725351624997616 0.14971893755268406 0.013502954036049265
0.343293826739196 0.10772479496271721 0.024628171457851823
0.1895747539472506 0.10464052510010627 0.01985023476618152
0.22082389365208785 0.10532801777418525 0.021812805908620815
0.15795657217083153 0.1046193191496413 0.01742188800202525
0.10208107272625636 0.09698153853096134 0.012009107432699909
0.2515870932136704 0.10657446170730843 0.023291798813653057
0.10595377313933275 0.12194342439571015 0.01283723035909101
0.41713409714071625 0.1373309341496201 0.023222047024206827
0.3876695542115304 0.13507907027716826 0.0244932441278595
0.4932870200389676 0.2791798337151096 0.02205792743049533
0.2977262782480558 0.13500252375312505 0.025468179336896456
0.13399790666252914 0.7523036520373063 0.022964603744092028
0.4930553606398094 0.31002409779570567 0.023079923592081098
0.4928489302323146 0.3411086889097254 0.024054830601268118
0.4927052773677036 0.37218524893892235 0.02495154791360613
0.4927319917559497 0.40350115103534917 0.025747559046174786
0.4927176667313241 0.4346689258526253 0.026447542011083035
0.4928207657597616 0.46602318472712834 0.02702747672172172
0.49281873064113096 0.49720115615247723 0.027502714878799697
0.4928695059250713 0.5285546746896326 0.027850792582741764
0.4927914006099437 0.5597289411081432 0.028088848891258397
0.49278228280815595 0.5910616892022722 0.028188710078858398
0.49268914265688846 0.6221899547628335 0.028170241393511604
0.4927482797326046 0.6534415517071991 0.028001063184382485
0.4927982129410545 0.6843714028027035 0.027711607433207167
0.4930188646459656 0.7153919888107392 0.027281626150141233
0.492953746767371 0.74604961638837 0.02679557636290867
0.4927638594149374 0.7766848759876116 0.026240987408736236
0.4930943353138291 0.8062415459266634 0.025563914421706167
0.4946750848453134 0.8351718366548464 0.024681178746574887
0.4927167762731055 0.8642446326531222 0.02427613716882094
0.2968983652819377 0.8645593532098451 0.03481536898421789
0.32867039298210166 0.8648238565732949 0.0352345236368376
0.44753128985819696 0.13817978888789823 0.02131635976026746
0.3607012436599936 0.865072372520531 0.034836290149016715
0.26534351056144073 0.8643594169941711 0.033623907285133287
0.23375898718762583 0.8642002928728691 0.03169560903757921
0.20200038023582909 0.8641234809002297 0.02905973622214318
0.17018204036520695 0.8650599812065567 0.025756659800225328
0.13321431056653718 0.7208649305174664 0.023222065685279607
0.13259058739818688 0.6895761913691871 0.023430990002897292
0.49333997443766897 0.24832108291065969 0.021022687098542905
0.13227375467743493 0.6585414664123501 0.0236039169629995
0.13206289486302153 0.6273707232980101 0.023708377920779806
0.1320639430795408 0.5963008014397785 0.023754567034284628
0.13210728727630797 0.5650823112236599 0.023714138369404916
0.13218326496531954 0.5339787697309623 0.02358467987490436
0.13218129362358316 0.5026994993764967 0.023348279474904223
0.1321867700851409 0.4715520783668389 0.02302214817422632
0.13215160151472408 0.44021800659573307 0.022599289339319928
0.13218302548586966 0.4090497327877551 0.022105090025077597
0.13219939431734082 0.3777365701505592 0.02152956381849515
0.13225680194097128 0.3466857636100158 0.020896849748230063
0.13223922299443688 0.3155815160238344 0.0201957848675322
0.13220630339198103 0.2850023929990755 0.0194609370783793
0.13203736626905618 0.2545737500295452 0.01868336453068601
0.13176243033687168 0.22499137509821912 0.01790194464531185
0.13175160802420005 0.19534786778987132 0.01715055675774398
0.1335713658806414 0.16531316700538873 0.016600636425230287
0.39306106910448046 0.8656790885524229 0.0335666391624158
0.12806865083441046 0.10209576984602611 0.014689541170845928
0.17420964093438632 0.1294981400101727 0.019346952067512798
0.13845130870952102 0.13259348467157 0.016321442411932303
0.35787031132005376 0.134127998344658 0.0253064682986347
0.4768004763882468 0.13601270535809254 0.018874470605810267
0.267060060004979 0.133875662860589 0.02469988863841635
0.5023848309195289 0.13116897423631418 0.01627554885914566
0.134753344176367 0.784295167253484 0.022640865059322036
0.20606675475218614 0.12978897317001462 0.021625355057436343
0.4601520517635849 0.8727620623986808 0.02803239946267423
0.4255489132551209 0.8677699969605516 0.03138059689973568
0.12623249733438707 0.8421684652655458 0.020588667646924127
0.4935173352086666 0.21773253998947456 0.019968502442388483
0.49374580873963697 0.18676950073678192 0.018911334614681776
0.13219780376408388 0.8151108832677308 0.02183042812674251
0.13606614123194793 0.8690711294804763 0.02152947529822904
0.32814392217375976 0.13521132744682618 0.02567253069083911
0.4969380965614032 0.15715671764915287 0.01762338877962505
0.46601787887959156 0.3258567036032467 0.026648731996391475
0.46654944004742627 0.2950043485534881 0.02552038919259043
0.46570825163786805 0.3882558899014744 0.02863023290931449
0.4656897971315836 0.41950406685929736 0.02946398506526946
0.4658257252152512 0.45083641719148004 0.03016861181717864
0.46589824494679705 0.48206796615149367 0.030753933113500113
0.46598762923215287 0.5133877601135576 0.03120717812330777
0.46591722405174585 0.5446157810905674 0.03154069213974513
0.4658510790271722 0.5759088612287582 0.03173360751528766
0.4656940695748613 0.6071140009571238 0.031794208145419396
0.46566251409363785 0.638365902716425 0.03169786756162651
0.46565115830825704 0.6693901524985404 0.031461944841409135
0.4659469065687976 0.7003155756598614 0.031060115375795453
0.46630609825057057 0.7308434150316326 0.03053783356342774
0.46590700392943923 0.7616717531638741 0.030001750557596487
0.464524738541194 0.7921911605545334 0.029507216630714046
0.4661701812668538 0.8214703133125478 0.028622603413726116
0.24939164667239952 0.8372012734996448 0.03333802487541212
0.31264081513860653 0.837786008327788 0.035780897427632526
0.28094083210122006 0.8372905351549809 0.03494184309386074
0.3447195947436208 0.8381495249543103 0.03581794897671884
0.21740893305079192 0.8370392821826053 0.030981416143246197
0.42961668588295565 0.16591094492755457 0.02355203362671931
0.18493676837635104 0.8361120869231099 0.027899237558232003
0.16099040721561328 0.735272398234817 0.026792620860461913
0.15897852139806842 0.6421754479699703 0.0273855986928079
0.4667564701942615 0.26425037231393245 0.024384726518136293
0.15888359610037592 0.6111753983181943 0.02746682762097209
0.4657496692934588 0.3569454760995039 0.027690799593771256
0.1594776879858328 0.67312259857977 0.02725786743680211
0.16034903691659708 0.7041191243052866 0.027084032942847468
0.1589535641842539 0.5801110946585151 0.027465958618516507
0.15911861175612604 0.5490328831687561 0.027370059450156508
0.15914617546699128 0.5178497565233431 0.027147204528755117
0.15915357461742782 0.4866864407756381 0.026814432874994378
0.15905539484103154 0.45540450228403856 0.02636330808028061
0.15907366482823143 0.4241748444399632 0.02582902836011352
0.15909960313784863 0.39287258070819986 0.025203068407598284
0.15923639510972476 0.3617146078036945 0.024510395555315062
0.1592661606463413 0.33057236349499275 0.023734317932973502
0.15931821425518608 0.2998098087430492 0.02291276904848695
0.15920700196765733 0.26929706654182334 0.022039830320360027
0.15890832928237067 0.23975081336969686 0.021152081610266122
0.15810220539772232 0.21098299683858016 0.02023344099994455
0.15737679931833182 0.1831845043973881 0.019366107762234373
0.3774015805767819 0.8383150988106074 0.03499122749181112
0.3983963138770276 0.16574555292285548 0.02522518849686848
0.23666545118581506 0.1319988914563419 0.023410227290927427
0.15372918312047604 0.8381066824046175 0.02426442548302404
0.16206582102488842 0.1549615942595869 0.019012479871678617
0.3716149119381699 0.15845031314264113 0.025892668087763863
0.16243222216678393 0.7676232049282495 0.026508309574554786
0.28215275338951223 0.16192153903773782 0.026139969863242216
0.1923369566086022 0.15284898521218102 0.021370353287139553
0.4664350088975896 0.23358796629937142 0.023278101504722135
0.47125721175850593 0.8476552947348007 0.027362016961202853
0.4109945421397377 0.83874473618223 0.03319450142544642
0.46477867647371685 0.16825840070612882 0.021031674213602972
0.4668270862180389 0.20295892847201372 0.022098934560644868
0.31338007822922453 0.16299252658713176 0.026688813144276572
0.18588763398984168 0.6261800752244527 0.030731764451033435
0.1864861000640575 0.6569442544791211 0.030650659122351404
0.23370651502820147 0.8108832653578651 0.03283106012256817
0.43831329490393767 0.4352102728885225 0.03259707613923783
0.43816824379785974 0.4038182469473588 0.031769699426196084
0.4388118712143045 0.49782396776619187 0.033833606273659354
0.43878397345124137 0.5290846049187882 0.03426387542365835
0.43860964149971204 0.5603619295520973 0.03455982025314776
0.4382893895602582 0.5915933297074686 0.03471782965778152
0.4380910166904786 0.6228899350546917 0.03471249933138097
0.437906163261735 0.6540615985545101 0.03455659884654568
0.43811561336075416 0.6850666740566459 0.03422230347231215
0.43876109779073985 0.7154827680717541 0.033722825116872884
0.44010766934828316 0.7453456152223402 0.03304902397019523
0.43786525648806984 0.776144968210369 0.03260648729728736
0.43181932446053856 0.8096012867803445 0.032377933656994304
0.44326043896461464 0.8427170621510282 0.030469426180188698
0.3284553900260561 0.8114345177694943 0.0365607561388294
0.2513438479130343 0.15991043853057313 0.025018671907887074
0.20110260113675305 0.8100245400263781 0.03004626746716297
0.1657246874938162 0.8042518765103334 0.02632765223904628
0.1801376691277093 0.17350538909422766 0.0210501448238289
0.1865880657951543 0.5333538035625064 0.030570409630594517
0.4407613956207624 0.27977778690481125 0.027262009400480153
0.3441358675968261 0.16291879923944805 0.02661843855477737
0.1863810813781018 0.5644123372125468 0.030746963075873837
0.18603546977446467 0.595316050529499 0.03078653724683792
0.2649133064997141 0.8097196707648542 0.03484384391780307
0.1866127629628473 0.5022402460174528 0.03025194700861474
0.18637426130107737 0.4710086192937057 0.029785397039881086
0.18624447000170885 0.4397547360636771 0.02921808961955375
0.1862662105047049 0.40842657647042024 0.02856025063480826
0.1865385439098692 0.3771964036913762 0.02783333156072924
0.1867333655023043 0.345997491142743 0.027012883652494504
0.18683388598449788 0.3150558847444469 0.02611798039972047
0.18666125513718057 0.2842874774064006 0.025148861015678897
0.18646680780238287 0.25411608503854616 0.024164022027282024
0.18562109162791984 0.22494241994672826 0.023142168129983706
0.18326560991176827 0.19774662141379964 0.022068292571236877
0.44131494601041704 0.190980814276181 0.023716137046478746
0.3607367094798859 0.8117931437743772 0.036196899642491016
0.40829315253144033 0.1996624644341413 0.02614992080926309
0.4385474580153101 0.46648400169913073 0.03328490930324203
0.43927914504438 0.3099869526467336 0.028538816241005956
0.29692022595296413 0.8106809975658661 0.03610437038990896
0.1896203784305985 0.74887341312759 0.029950608557693107
0.18738382563233305 0.6875180154852304 0.030498407294265905
0.440210238705867 0.24931019472244154 0.02611065066480424
0.29697265033577525 0.18993178590496448 0.027563848562590525
0.4383322531133626 0.3724453244717333 0.03080009591611157
0.4386163628127133 0.3410259661760644 0.029718779345427812
0.2644993463331672 0.18848727510159752 0.026608824845971147
0.22164938001078371 0.15658709155794398 0.023405916807941636
0.36823243096437314 0.19114651833104582 0.02735924064917907
0.3940514914017311 0.8113742294004328 0.034929475341351816
0.1885233013942335 0.7180513849768535 0.03027328596107347
0.3302126349584087 0.19179040141880396 0.027908508840257994
0.41152470117682294 0.544723264950952 0.03662305185855284
0.41177881699394375 0.5135101447444378 0.03623108196274939
0.41059023141950773 0.6072417638876484 0.03696689181104459
0.4101609114431209 0.6386628143673903 0.03689885096192931
0.4100273773527884 0.6700824449751502 0.03665691041645087
0.4103377666867185 0.7010900043505912 0.036244833599295305
0.41191863444509286 0.7312425881960234 0.03563130278375099
0.41610217133937233 0.7580712679041716 0.03477298242715426
0.40648157414548913 0.7835025433191052 0.03487734995589414
0.4116271369085197 0.32438273050953237 0.03103591451307368
0.3128888105844926 0.7838278151668128 0.03706755476511356
0.24751399397539753 0.779858829113414 0.03446042097887852
0.4126512026086696 0.2929377669433974 0.029745971634809968
0.20498297693627673 0.17919976708772434 0.023096031912641923
0.21408999684358596 0.5489842781947706 0.03350769499146765
0.21396559787458777 0.486643772326534 0.03278032894702632
0.4383409717484283 0.21926676163713374 0.025062500429289085
0.4109899800070291 0.5759023630203519 0.036878503460418856
0.21346737315924183 0.45540573653133387 0.03218463682690693
0.1913550911730435 0.7798232157537437 0.02961486918898886
0.2132741795593919 0.4240759361854692 0.03149734064215647
0.2136612990372992 0.39279045764416703 0.030752214490136775
0.2141673090436049 0.36149697682073045 0.02991611835253325
0.21451392274753364 0.33026370848809555 0.028980132031689792
0.21429344625017108 0.2991562253173822 0.027933205007784727
0.21381342162990405 0.2682856212989971 0.026827673358066767
0.21391658836356833 0.23726736460745812 0.025741534536017414
0.3436745129447713 0.7858222637973197 0.03711369966779714
0.410566576736732 0.41953810382455126 0.034294773685427146
0.21855400341276013 0.788189645194613 0.032054905425349424
0.21432664104334517 0.5178427837283431 0.03323768378465979
0.2817995142546014 0.783752262134625 0.03620162210935748
0.2128705302229926 0.6409650256279625 0.0334835462728432
0.4170739289003024 0.2651075002005313 0.028328582875305507
0.41063808360883297 0.38792128069579873 0.03333776374891955
0.4110654805625632 0.3561559914530741 0.03223878253678471
0.2789906680853501 0.21537005854886832 0.028164621015368218
0.41014948005100565 0.2368592413482275 0.027578430709318827
0.2337485767933928 0.18531596091135602 0.025082709673969215
0.3754676373924135 0.7850641203616149 0.03639348145617945
0.2146158848906685 0.671327492403678 0.03344270367908569
0.21355465125631906 0.5799085738198342 0.03361494354809344
0.21280985625603316 0.6104310626101984 0.033571487987249654
0.4109154834074187 0.4508958224642586 0.03508725768514158
0.21842132887803262 0.7614042047403082 0.032563532537822515
0.2117761558146325 0.20743738807839862 0.02453517651887884
0.4115618660127218 0.48224753158758626 0.03571929058815618
0.31077820538889434 0.21893741925398194 0.02896107675951441
0.21728912877153275 0.7314019429577945 0.032960260832233565
0.2406150425153087 0.40860014781595744 0.0332306347592527
0.3842852144233512 0.33930042445429925 0.03297246828088935
0.38453568459659415 0.5289687456457652 0.03795513820938807
0.3814477625684548 0.6546410819429029 0.03835969951109541
0.3819616651376941 0.6227496577220119 0.0385132191607442
0.38225380832092987 0.7186381710704252 0.03751008817859762
0.38621460649723677 0.7529902421291992 0.03668288039420867
0.24344991689603274 0.21723041477058067 0.026797809749604624
0.37803652590279474 0.22869521035492404 0.028644403612398173
0.21672663639485282 0.7013709086779066 0.033324771936862306
0.24030071403377126 0.4397956132895975 0.033986691985903414
0.26978797079749084 0.7591507391524116 0.0361437066126126
0.29854063837292016 0.7556675719201081 0.03735117462724065
0.24177417592278483 0.3774040445609515 0.03241907993838976
0.24134430677267382 0.47105605189960387 0.0347216720874286
0.3851446011680603 0.3060084302022591 0.031630687484112845
0.38108282784795644 0.686606184870621 0.03804236911582733
0.24269753522787324 0.34583167147275007 0.031476541140557035
0.2428545584132568 0.31421121560439974 0.030395478619701526
0.24163853512327507 0.28295002745537806 0.02918027977659648
0.23996922952130118 0.2518917294527987 0.02790974675157315
0.32974740387053675 0.7569693665969681 0.03779984471961329
0.34399774069506683 0.22274211336307717 0.02912928927688079
0.2426625917819422 0.5337703342164812 0.03574107903334207
0.382255396365152 0.40344456476039725 0.03528279509650737
0.38316460687791376 0.3714915166644504 0.03419171034033539
0.38228677779082765 0.4352280708135057 0.03620146776901751
0.24264704879796165 0.5023052035729936 0.035346585510964965
0.2453408304426471 0.7457899616370431 0.034948573530185004
0.3847565171999478 0.4978908053438179 0.03748080255360864
0.3826830498951147 0.5911690553899187 0.038494928324456446
0.2640323465008577 0.2386081177072836 0.028549280823304823
0.24014530864019 0.6550437730893407 0.03571645099617437
0.38655084109537463 0.2678153791116436 0.030008785854194118
0.2419064981192992 0.5651132026270492 0.035932067539744275
0.38350762272885197 0.5598831311608838 0.038308678218145674
0.3579754520378674 0.7627656930357836 0.03739387615232815
0.23883274431245774 0.6252497532089861 0.03576669804488457
0.29088910471340795 0.24421283424311924 0.029661216692013482
0.24736925175873034 0.7150731030907707 0.03559869986497688
0.27046173613972224 0.36240148334630345 0.033508876510900294
0.38363543739405853 0.46665904642591877 0.03691327980037131
0.3538758986295901 0.7350319427191974 0.03808188778548987
0.24512891720987612 0.6847177244809234 0.03583021948348946
0.35299421696269323 0.256503666204459 0.03046112223197227
0.35326590179881273 0.6383093017161034 0.03928626828014013
0.2710701225033447 0.2969607650863712 0.031160112209817396
0.2767791179837609 0.7309940324225765 0.03703229720689514
0.24060774867786072 0.5957453259770372 0.03593623797530045
0.35606334071098367 0.35421223250660183 0.03435842718930567
0.27195066279338814 0.32959869959166305 0.032427016166592534
0.26729278834254255 0.45504935753380343 0.03596726703214628
0.3584396191744628 0.32278786952373023 0.0331038500614405
0.35827140909702565 0.28968334298755233 0.03176340476935718
0.26884366035980717 0.3939991851998009 0.034439913726730914
0.31624289474190914 0.7235225313028171 0.03837855292743627
0.3544191426688689 0.38650982504995546 0.03552505352994794
0.2666810127695986 0.4243151595657066 0.03518593189256585
0.26767105705300914 0.26592339727513326 0.0297982665871217
0.35306955428555614 0.41946012393643073 0.03658583240108714
0.27093258411158827 0.4859674334460632 0.03678966674094547
0.35119643785579546 0.7037308523221584 0.03865767152001398
0.35390855615639455 0.6061708526890147 0.039365433227265226
0.27007593230720184 0.6649802707087112 0.037544400029134915
0.2706728214017816 0.5507327931423044 0.03763139859901343
0.35635214062396153 0.5434628364304971 0.03900385310211789
0.2624159156769359 0.6391156276313996 0.03728395225541413
0.35217945537647827 0.670941590601814 0.039050012715559544
0.3584420165051777 0.5134307000056042 0.03857397770168636
0.32092332756996655 0.2497647613178449 0.030346903659936048
0.2721037843133048 0.518218340146118 0.037357509396368505
0.2970929389047087 0.27531583958769645 0.031092982364988257
0.3548850778811153 0.5744293872784451 0.039269871702233304
0.3270345633525166 0.36803822891573007 0.03507420012725735
0.32938345097855254 0.3361329604793767 0.03390829616286114
0.28215463171919297 0.6972549003333381 0.03781109816408158
0.26938173513207114 0.5824041835281427 0.037748154996684304
0.29792817975201613 0.3806614064867765 0.035078900120260936
0.30361962054316194 0.3107468459509382 0.03267071062306503
0.32734051396811586 0.5565818272048427 0.03931659198360565
0.3242781677642433 0.6211169307103367 0.03947189419889622
0.3242051727586126 0.6536331549861739 0.03929893354174065
0.35406318528952285 0.4518480690806809 0.03744099366674528
0.29839165371823984 0.6684017505337875 0.038654908580066094
0.3250810481151424 0.4009364265206207 0.036159159918339984
0.3295008803477082 0.5258191972901398 0.03900275249902997
0.3577397161184399 0.4828547631789645 0.03805246959706174
0.2902793825223616 0.43909717754982397 0.03654355325588422
0.2673549217469464 0.6126573490512348 0.037670251760328385
0.29735156838486887 0.4662583716803759 0.03742661705335362
0.2999158068679384 0.34764938357285696 0.033980396158966704
0.2956060105205217 0.41191271182071676 0.03598799001021022
0.29833758803461047 0.5694600759466709 0.038885771972768345
0.29270712222296696 0.6369575719484332 0.03874058006079102
0.30005059824024566 0.5366187155942146 0.038661682552713524
0.32123546118615237 0.6876686568353912 0.03893889985901213
0.3275497708062986 0.28079703198384376 0.03168129295544631
0.3259414130252287 0.5884895037609951 0.03947867554873287
0.30370726533699294 0.5005960631512256 0.038276797281772565
0.3349714768566097 0.30797768551557275 0.03277490361416763
0.2965822917704944 0.6020736067656257 0.038932165855776864
0.3213105872152551 0.43722296964352736 0.037199426579652514
0.3348062900347254 0.49877538260866333 0.03857355779244692
0.32770712842518324 0.4716225355357043 0.03805358599265472
